Metal = copper wood
Perimeter =  18.84955592153876
area = 28.274333882308138
